MB03KD EXAMPLE PROGRAM RESULTS
The vector ALPHAR is 
   0.3230   0.6459  -0.8752
The vector ALPHAI is 
   0.5694  -1.1387   0.0000
The vector BETA is 
   1.0000   1.0000   1.0000
The vector SCAL is 
     0    -1    -1
The matrix A on exit is 
The factor  1 is 
   2.5997  -0.1320  -1.6847
   0.0000   1.9725  -0.1377
   0.0000   0.0000   2.3402
The factor  2 is 
  -2.0990  -1.1625   2.5251
   0.0000   3.1870  -0.3812
   0.0000  -3.6737  -2.2513
The factor  3 is 
   1.8451   0.9652  -1.2422
   0.0000   1.3270   2.1642
   0.0000   0.0000  -3.2674
The matrix Q on exit is 
The factor  1 is 
   0.1648  -0.3771  -0.9114
  -0.0376  -0.9258   0.3762
   0.9856   0.0277   0.1668
The factor  2 is 
   0.5907   0.3477   0.7281
  -0.7640   0.5311   0.3662
  -0.2594  -0.7726   0.5794
The factor  3 is 
   0.6685  -0.7431   0.0303
   0.4239   0.3472  -0.8365
   0.6111   0.5720   0.5471
