MB03BD EXAMPLE PROGRAM RESULTS
The matrix A on exit is 
The factor  1 is 
  -2.0599   0.6251  -0.5959
   0.0000   2.9774  -1.1479
   0.0000   0.0000   1.9566
The factor  2 is 
  -3.9705  -0.3216   2.9819
  -2.0077   2.2246  -1.9116
   0.0000   0.0000   1.8990
The factor  3 is 
   2.6946  -2.9508   0.5659
   0.0000   1.3385   0.0097
   0.0000   0.0000  -2.2180
The matrix Q on exit is 
The factor  1 is 
  -0.3331  -0.7427  -0.5809
   0.9394  -0.2084  -0.2723
   0.0812  -0.6364   0.7671
The factor  2 is 
   0.2841  -0.7723  -0.5683
   0.9515   0.1539   0.2664
  -0.1183  -0.6164   0.7785
The factor  3 is 
  -0.7883  -0.5567   0.2619
   0.6055  -0.6263   0.4911
  -0.1094   0.5457   0.8308
The vector ALPHAR is 
   0.3230   0.6459  -0.8752
The vector ALPHAI is 
   0.5694  -1.1387   0.0000
The vector BETA is 
   1.0000   1.0000   1.0000
The vector SCAL is 
        0       -1       -1
