 MB03XD EXAMPLE PROGRAM RESULTS

 The stable eigenvalues are

   i      WR(i)      WI(i)

   1    -3.1941     0.0000
   2    -0.1350     0.3179
   3    -0.1350    -0.3179
   4    -0.0595     0.2793
   5    -0.0595    -0.2793

 The matrix S of the reduced matrix is
 -3.1844761777714705  0.1612357243439340 -0.0628592203751098  0.2449004200921959  0.1974400149992626
  0.0000000000000000 -0.1510667773167789  0.4260444411622883 -0.1775026035208666  0.3447278421198391
  0.0000000000000000 -0.1386140422054271 -0.3006779624777444  0.2944143257134114  0.3456440339120371
  0.0000000000000000  0.0000000000000000  0.0000000000000000 -0.2710128384740574  0.0933189808067095
  0.0000000000000000  0.0000000000000000  0.0000000000000000  0.4844146572359634  0.2004347508746742

 The matrix T of the reduced matrix is
  3.2038208121776348  0.1805955192510640  0.2466389119377566 -0.2539149302433392 -0.0359238844381156
  0.0000000000000000 -0.7196686433290816  0.0000000000000000  0.2428659121580376 -0.0594190100670782
  0.0000000000000000  0.0000000000000000 -0.1891741194498114 -0.3309578443491296 -0.0303520731950499
  0.0000000000000000  0.0000000000000000  0.0000000000000000 -0.4361574461961528  0.0000000000000000
  0.0000000000000000  0.0000000000000000  0.0000000000000000  0.0000000000000000  0.1530894573304223

 The matrix G of the reduced matrix is
 -0.0370982242678457  0.0917788436945731 -0.0560402416315241  0.1345152517579191  0.0256668227276677
  0.0652183678916931 -0.0700457231988316  0.0350041175858833 -0.2233868768749274 -0.1171980260782826
 -0.0626428681377085  0.2327575351902817 -0.1251515732208144 -0.0177816046663199  0.3696921118421150
  0.0746042309265577 -0.0828007611045206  0.0217427473546019 -0.1157775118548848 -0.3161183681200569
  0.1374372236164831  0.1002727885506978  0.4021556774753979 -0.0431072263235601  0.1067394572547818

 Residual: || H*V - U*R ||_F = .46E-14

 The orthogonal symplectic factor U is
  0.3806883009357248 -0.0347810363019652 -0.5014665065895682  0.5389691288472414  0.2685446895251484 -0.1795922007470743  0.1908329820840928  0.0868799433942036  0.3114741142062438 -0.2579907627915120
  0.4642712665555325 -0.5942766860716391  0.4781179763952650  0.2334370556238112  0.0166790369048892 -0.2447897730222851 -0.1028403314750051 -0.1157840914576275 -0.1873268885694416  0.1700708002861561
  0.2772789197782786 -0.0130145392695875 -0.2123817030594140 -0.2550292626960040 -0.5049268366774471 -0.2243335325285328  0.3180998613802515  0.3315380214794929  0.1977859924739848  0.5072476567310018
  0.4209268575081796  0.1499593172661209 -0.1925590746592153 -0.5472292877802430  0.4543329704184027 -0.2128397588651423 -0.2740560593051887  0.1941418870268840 -0.3096684962457376 -0.0581576193198811
  0.3969669479129447  0.6321903535930841  0.3329156356041933  0.0163533225344418 -0.2638879466190077 -0.2002027567371932 -0.0040094115506849 -0.3979373387545270  0.1520881534833964 -0.2010804514091296
  0.1795922007470743 -0.1908329820840928 -0.0868799433942036 -0.3114741142062438  0.2579907627915120  0.3806883009357248 -0.0347810363019652 -0.5014665065895682  0.5389691288472414  0.2685446895251484
  0.2447897730222851  0.1028403314750051  0.1157840914576275  0.1873268885694416 -0.1700708002861561  0.4642712665555325 -0.5942766860716391  0.4781179763952650  0.2334370556238112  0.0166790369048892
  0.2243335325285328 -0.3180998613802515 -0.3315380214794929 -0.1977859924739848 -0.5072476567310018  0.2772789197782786 -0.0130145392695875 -0.2123817030594140 -0.2550292626960040 -0.5049268366774471
  0.2128397588651423  0.2740560593051887 -0.1941418870268840  0.3096684962457376  0.0581576193198811  0.4209268575081796  0.1499593172661209 -0.1925590746592153 -0.5472292877802430  0.4543329704184027
  0.2002027567371932  0.0040094115506849  0.3979373387545270 -0.1520881534833964  0.2010804514091296  0.3969669479129447  0.6321903535930841  0.3329156356041933  0.0163533225344418 -0.2638879466190077

 Orthogonality of U: || U^T U - I ||_F = .44E-14

 The orthogonal symplectic factor V is
  0.4447147692018326 -0.6830166755147431 -0.0002576861753472  0.5781954611783312 -0.0375091627893765  0.0000000000000000  0.0000000000000000  0.0000000000000000  0.0000000000000000  0.0000000000000000
  0.5121756358795811  0.0297197140254803  0.4332229148788684 -0.3240527006890551  0.5330850295256574  0.0299719306696789 -0.2322624725320721 -0.0280846899680319 -0.3044255686880006 -0.1077641482535489
  0.3664711365265599  0.3288511296455133  0.0588396016404453  0.1134221597062261  0.1047567336850063 -0.0069083614679702  0.3351358347080118 -0.4922707032978923  0.4293545450291748  0.4372821269061881
  0.4535357098437906  0.1062866148880800 -0.3964092656837794 -0.2211800890450660  0.0350667323996171  0.0167847133528844  0.2843629278945297  0.5958979805231186  0.3097336757510848 -0.2086733033047147
  0.4450432900616095  0.2950206358263791 -0.1617837757183793 -0.0376369332204956 -0.6746752660482674  0.0248567764822071 -0.2810759958040470 -0.1653113624869855 -0.3528780198620398 -0.0254898556119232
  0.0000000000000000  0.0000000000000000  0.0000000000000000  0.0000000000000000  0.0000000000000000  0.4447147692018326 -0.6830166755147431 -0.0002576861753472  0.5781954611783312 -0.0375091627893765
 -0.0299719306696789  0.2322624725320721  0.0280846899680319  0.3044255686880006  0.1077641482535489  0.5121756358795811  0.0297197140254803  0.4332229148788684 -0.3240527006890551  0.5330850295256574
  0.0069083614679702 -0.3351358347080118  0.4922707032978923 -0.4293545450291748 -0.4372821269061881  0.3664711365265599  0.3288511296455133  0.0588396016404453  0.1134221597062261  0.1047567336850063
 -0.0167847133528844 -0.2843629278945297 -0.5958979805231186 -0.3097336757510848  0.2086733033047147  0.4535357098437906  0.1062866148880800 -0.3964092656837794 -0.2211800890450660  0.0350667323996171
 -0.0248567764822071  0.2810759958040470  0.1653113624869855  0.3528780198620398  0.0254898556119232  0.4450432900616095  0.2950206358263791 -0.1617837757183793 -0.0376369332204956 -0.6746752660482674

 Orthogonality of V: || V^T V - I ||_F = .28E-14
